0,34.38,1.9198775272369384
1,70.28999999999999,0.8473501447677613
2,77.03,0.6988216634750366
3,81.78999999999999,0.5615839210271836
4,83.78999999999999,0.5098150660872459
5,85.75,0.4582474425256252
6,86.72,0.43235881189107894
7,87.13,0.4079757764786482
8,86.5,0.4390980948805809
9,89.11,0.3750700470209122
10,88.36,0.39463097565621136
11,89.59,0.3554616930231452
12,90.2,0.3549701655186713
13,90.52,0.33533073428571225
14,90.11,0.32627942664176224
15,89.55,0.37918400452286005
16,90.16999999999999,0.35513383825570344
17,91.33,0.31243188265413047
18,90.52,0.3417757557980716
19,90.42999999999999,0.34794129426553844
20,91.12,0.3282039151116856
21,91.05,0.33426733163334427
22,91.38,0.3169036113150418
23,92.08,0.29490050108246507
24,92.23,0.2945575385281816
25,91.08000000000001,0.33673070738092065
26,92.30000000000001,0.29240380888115614
27,91.3,0.33417020115908236
28,91.16,0.32448799517359583
29,91.43,0.3259082138461992
30,92.0,0.3095346081645228
31,90.69,0.3495044402830303
32,90.8,0.35423891560081394
33,91.42,0.3669646233279258
34,91.57,0.314463144521229
35,91.38,0.3396239550679922
36,91.41,0.3376550381969661
37,91.7,0.3330933699436486
38,91.55,0.3385891819793731
39,91.43,0.3324935643703444
0,58.809999999999995,1.2129270943641663
1,70.53,0.8516404650688172
2,75.64999999999999,0.7265262237071991
3,80.03,0.6282490653991699
4,82.93,0.5422352548003196
5,79.99000000000001,0.6269575613617897
6,85.17,0.47649052314162255
7,87.16000000000001,0.4344758042812347
8,87.99,0.40658027988821266
9,87.9,0.4113473754219711
10,87.94,0.3959887251198292
11,89.49000000000001,0.36103173982724546
12,88.9,0.3745814290225506
13,88.14999999999999,0.41339426660835743
14,88.88000000000001,0.389386057536304
15,89.83,0.3590041418470442
16,89.51,0.3514146524205804
17,89.74,0.3544931136742234
18,89.55,0.35931581965200604
19,89.03999999999999,0.3680979444373399
20,90.84,0.33102409753650425
21,91.14,0.32074726844858376
22,91.07,0.3175868300907314
23,91.29,0.3142949132775888
24,90.09,0.35642820769697425
25,91.44,0.3099997107997537
26,90.95,0.33241224732277913
27,91.60000000000001,0.31033098777830603
28,92.07,0.3027544209297746
29,90.2,0.3749194564860314
30,91.60000000000001,0.3181821531584486
31,91.22,0.3241510105986148
32,90.83,0.3466124524012208
33,91.39,0.31585343767032026
34,90.19,0.3629889669585973
35,88.89,0.4196030208341777
36,92.0,0.31374636505860837
37,91.75999999999999,0.3254819211466238
38,91.29,0.35558382656238974
39,91.60000000000001,0.3141385824352503
0,53.59,1.4151264289855956
1,75.4,0.747360574388504
2,77.53,0.6752010393500328
3,77.72,0.6504819271206855
4,84.17999999999999,0.49664346754550937
5,85.32,0.45009389796853067
6,87.0,0.421334450212121
7,86.92,0.4295866883575916
8,87.63,0.40063952216506005
9,88.24,0.4012402326539159
10,86.72999999999999,0.43033579761385915
11,89.35,0.34958363670930265
12,89.03,0.39197043360993267
13,89.19,0.36005187640488145
14,89.74,0.3683504173323512
15,90.22,0.3397500560745597
16,88.84,0.38116033663600685
17,89.81,0.34707916859835386
18,89.69,0.3507265708938241
19,90.10000000000001,0.3486448524683714
20,87.83,0.41658542283177374
21,90.48,0.35116008182894437
22,90.36999999999999,0.35309976437352597
23,91.22,0.3059839398957789
24,90.31,0.3470398610666394
25,90.75,0.35602236859090625
26,91.08000000000001,0.3320568929243833
27,89.88000000000001,0.3652673566523008
28,90.97,0.33499400316458194
29,89.68,0.37862832596227525
30,91.02,0.3282534018486738
31,89.44,0.39066714408043773
32,91.77,0.31700208016112447
33,90.25999999999999,0.38605155613943937
34,90.72,0.3473380765281618
35,90.31,0.3750752841450274
36,89.25999999999999,0.3966007782695815
37,90.51,0.36326568942074666
38,88.9,0.423641617583856
39,90.36,0.373010338216275
0,51.980000000000004,1.3359928370475769
1,74.71,0.7647755417585373
2,76.5,0.701572571349144
3,82.92,0.5194540976047516
4,83.98,0.5258445365548133
5,83.94,0.5055264060735702
6,86.11999999999999,0.4388343452095985
7,87.44,0.4079601627960801
8,87.29,0.4236993088722229
9,89.02,0.3685905376419425
10,89.67,0.35408186286240817
11,90.12,0.34011614013910296
12,90.47,0.3146225975872949
13,90.14999999999999,0.325299400639534
14,90.22,0.3248111772187054
15,91.3,0.30994489550702276
16,89.92999999999999,0.34926912411227823
17,89.79,0.36573362237177787
18,91.49000000000001,0.2993668355378788
19,89.56,0.35304027723930775
20,91.41,0.3169457076757681
21,90.73,0.3379682867942378
22,91.16,0.315889349495247
23,91.27,0.32459022926315667
24,91.36999999999999,0.29723896619081497
25,91.52,0.30547847837619485
26,92.01,0.3032422230966389
27,90.95,0.3413576720403973
28,91.53,0.3387939386213897
29,90.79,0.34194723592572845
30,91.31,0.32556225565541536
31,90.77,0.34541457778234036
32,90.82000000000001,0.3638328166920692
33,90.86999999999999,0.36626609025057405
34,92.35,0.30641580837923105
35,91.67999999999999,0.3386231176433619
36,90.09,0.3741355759199709
37,90.91,0.3659310305431485
38,92.06,0.3529946807641536
39,91.92,0.32564935993421823
0,46.400000000000006,1.5252626707077026
1,69.63000000000001,0.89650673558712
2,75.18,0.708585432767868
3,79.39,0.623848217844963
4,78.43,0.6441018131494523
5,81.10000000000001,0.574235528165102
6,84.81,0.4786252454474568
7,86.00999999999999,0.44697820409238337
8,84.81,0.49613008944392206
9,88.03,0.3924579002663493
10,88.3,0.3857258309155703
11,88.19,0.4184618244737387
12,88.75,0.39672505305409433
13,87.25,0.44843501265347
14,87.91,0.4003326136812568
15,89.84,0.3475646928496659
16,87.69,0.4065091874673963
17,90.14999999999999,0.3375620335031301
18,90.29,0.3403692298145965
19,88.58,0.41324431766048075
20,89.94,0.365170547125116
21,89.44,0.38204086292162537
22,89.41,0.39957732538804414
23,89.25999999999999,0.37790250820964577
24,90.49000000000001,0.3401610569451004
25,90.52,0.34696449211388825
26,88.92,0.4078473730020225
27,89.99000000000001,0.3770274379938841
28,89.92999999999999,0.3661830049648881
29,90.11,0.3606686982697807
30,91.01,0.34376952669154853
31,91.36,0.3343151879586279
32,91.43,0.3289862837107852
33,90.79,0.35481420268621294
34,91.79,0.34410013436959125
35,90.52,0.3673554110057652
36,90.02,0.3849195158435032
37,91.08000000000001,0.35970602080784736
38,88.42,0.38302778603639454
39,90.98,0.3627036539359018
