0,48.32,1.523740981388092
1,59.57,1.1712126210689544
2,76.81,0.7204602972507477
3,78.42,0.6466844731211663
4,80.60000000000001,0.6001752229332924
5,81.85,0.5387265458524227
6,82.94,0.544254331189394
7,82.46,0.5440318108558655
8,87.3,0.42748357654511926
9,86.67,0.43788302822113034
10,87.15,0.4362007250279188
11,88.6,0.3910023648828268
12,85.83,0.501535280930996
13,86.92,0.4240172347098589
14,88.62,0.38301072461903096
15,88.41,0.3999835372336209
16,87.86,0.4184146390233189
17,89.47,0.37343843440935015
18,88.47,0.43260542956069115
19,88.2,0.4088857498794794
20,90.51,0.35505653971135614
21,89.88000000000001,0.35793458528015765
22,90.05,0.36220542499125
23,88.56,0.43605877358661965
24,88.52,0.4291037678729743
25,88.75999999999999,0.4249585165316239
26,89.21,0.4323494147673249
27,90.28,0.38694994282275436
28,89.88000000000001,0.3739967086523771
29,88.72,0.40913866354022177
30,90.62,0.3837002984881401
31,89.45,0.40580798166394233
32,89.34,0.4151023533010855
33,88.5,0.45779694263525306
34,86.29,0.49728103990107775
35,89.08,0.41289413990825413
36,89.48,0.4001708515033126
37,90.3,0.37213444024138154
38,87.89,0.46231225144416094
39,88.92,0.4312247843250632
0,43.97,1.6407962238311768
1,61.41,1.1550456284999848
2,72.92999999999999,0.7863189822435379
3,76.17,0.7091840155363083
4,76.79,0.706291148352623
5,79.67999999999999,0.6114370791435242
6,83.31,0.5451033801674843
7,82.12,0.5437525517582893
8,86.37,0.46276278227567674
9,85.42999999999999,0.48155903299450875
10,86.71,0.45802549948990345
11,86.72,0.44396996310949327
12,86.83,0.4434743737578392
13,86.97,0.45666735671311615
14,86.83999999999999,0.4419818929329514
15,86.57000000000001,0.4550232758283615
16,89.03,0.38433277822360395
17,88.11,0.4087883727520704
18,86.86,0.4940075801737607
19,86.3,0.4609488202363253
20,88.39,0.42687619131281973
21,88.92999999999999,0.38922195448055863
22,89.46,0.3906918535657227
23,85.11,0.5152970569014549
24,87.02,0.4686566756308079
25,84.07,0.5485679052785039
26,86.3,0.4985253326408565
27,87.35000000000001,0.471791863951087
28,89.94,0.3729037014037371
29,86.47,0.4965351331293583
30,89.17,0.41448270831685513
31,87.96000000000001,0.466092569822073
32,87.66000000000001,0.48168376684486863
33,87.57000000000001,0.45225961979553103
34,85.05,0.5070175103284419
35,88.66000000000001,0.4473726772099733
36,87.6,0.45148878260850905
37,87.44,0.4663134119436145
38,88.5,0.43863612039536237
39,89.46,0.3960732848919928
0,42.44,1.5917547815322877
1,66.86,1.0144132660388947
2,71.87,0.8133326655387878
3,73.76,0.7814798052549362
4,80.5,0.5988783341765404
5,83.25,0.5395409554839135
6,81.23,0.5922927947700024
7,81.17999999999999,0.5856292982131243
8,84.8,0.49059733249545096
9,85.67,0.45929979993104936
10,86.06,0.4609811294987798
11,86.74,0.42508050821721555
12,84.93,0.4774342792123556
13,88.42999999999999,0.3979192045122385
14,86.45,0.4470178223017603
15,89.82,0.34405167283713817
16,86.64,0.4434477554380894
17,87.66000000000001,0.41494848279953
18,86.97,0.4451920073404908
19,88.98,0.39065586318355056
20,87.15,0.4569155767539516
21,87.61,0.425660890711844
22,90.11,0.36347248216979205
23,87.64999999999999,0.429584824603796
24,88.98,0.3923503098405898
25,87.53999999999999,0.42958299812972545
26,88.83,0.4106597287848592
27,88.89,0.4138028877019882
28,89.95,0.3781244079042226
29,89.44,0.38534289887761697
30,84.66,0.5442935825705528
31,88.21,0.4501990507937968
32,90.2,0.3793836483441293
33,87.72,0.4749185791846365
34,86.69,0.4737545645475388
35,87.52,0.488019854478538
36,86.53,0.5325549050822854
37,84.78,0.5572942330852151
38,89.22,0.4110717836384312
39,83.03,0.5735095692694188
0,47.71,1.4084441380500794
1,66.52,0.9371309900283813
2,74.07000000000001,0.7687275230646133
3,80.60000000000001,0.5803076964020729
4,85.00999999999999,0.47749120618104934
5,80.64,0.6069492089390754
6,84.24000000000001,0.5295515740394592
7,87.37,0.41467085301429035
8,86.45,0.461579531288147
9,87.92,0.4078391907006502
10,88.94,0.38462592610269786
11,88.23,0.40657605527564883
12,88.75,0.3926346175543964
13,89.63,0.3691654519364238
14,88.86,0.38667100414335726
15,88.6,0.4306976809987798
16,88.69,0.4057324605941772
17,89.94,0.3647019086107612
18,89.3,0.3982133821928874
19,87.8,0.4319910947613418
20,85.11999999999999,0.48541412406116724
21,86.59,0.4854356987692416
22,87.98,0.4200034828156233
23,88.25,0.41771578838825224
24,90.36,0.35466583075299857
25,88.18,0.417434497250244
26,87.59,0.459353863228485
27,89.03,0.402128101650998
28,88.9,0.43272479176064954
29,87.07000000000001,0.4650461242578924
30,86.56,0.4921756424471736
31,88.14,0.41073831703215835
32,84.17,0.5619327642977238
33,87.72,0.46591646865350195
34,83.86,0.584334981483221
35,86.96000000000001,0.502360107210651
36,85.15,0.5420445473819971
37,85.02,0.5707216837346554
38,82.61,0.5934525381207466
39,84.50999999999999,0.6129143957093358
0,41.839999999999996,1.653996609210968
1,70.12,0.8873984460353851
2,74.81,0.735426748251915
3,77.14,0.7069658213853836
4,79.03999999999999,0.6530165917873383
5,79.52,0.6253773467540741
6,83.52000000000001,0.5189262020885944
7,85.52,0.46972677949666974
8,86.31,0.46756164235025643
9,87.21,0.4276634880691767
10,86.56,0.4272455880492926
11,87.56,0.4114293643422425
12,86.25,0.4786284044206142
13,87.77000000000001,0.4404854639872909
14,87.03,0.4324463714003563
15,88.29,0.42901917969584463
16,86.72,0.4642101126760244
17,88.44,0.4109562821522355
18,89.22,0.3854517319109291
19,88.75,0.40852890883702786
20,89.25,0.3994490753825754
21,90.14,0.3738051148124039
22,86.25,0.4969924587726593
23,89.44,0.39484352842271325
24,89.07000000000001,0.4151744462132454
25,87.05000000000001,0.4785125987440348
26,88.34,0.45093694856613875
27,88.59,0.44106430496238175
28,88.75,0.43852113002240656
29,86.98,0.459685336920619
30,90.13,0.3920994555108249
31,89.68,0.4053106488181278
32,87.01,0.4753702451631427
33,89.64,0.40696036472022534
34,87.33,0.5081344200015068
35,86.31,0.5104042001083493
36,82.33,0.6520845977067947
37,83.47,0.5614038104534149
38,86.17,0.5399830529510975
39,77.88000000000001,0.7030971803069115