0,58.540000000000006,1.2386181202888489
1,68.2,0.8654324180603027
2,74.74,0.7248404579162597
3,76.59,0.6924285208702088
4,79.03999999999999,0.5846337324619293
5,81.77,0.5343764697372914
6,84.05,0.4669152012526989
7,86.87,0.39040973912477495
8,87.09,0.3939712035268545
9,88.6,0.36533130314052104
10,89.36,0.32599463488459585
11,90.08,0.29229631262123584
12,89.94,0.31056597019284965
13,91.34,0.2707660479724407
14,92.24,0.24494402526132764
15,91.2,0.27182409047186373
16,92.33,0.24253707363829016
17,92.58999999999999,0.23909029187262057
18,92.83,0.2297310108140111
19,92.47,0.2351240454517305
20,92.83,0.21821577964425087
21,93.5,0.209431256210804
22,93.04,0.2243535286538303
23,92.86999999999999,0.22284091599322856
24,93.49,0.20280724379196763
25,93.54,0.20062966114245356
26,93.63,0.20372495262660087
27,94.13,0.18710332437856123
28,94.21000000000001,0.18496952004097403
29,93.84,0.20149176307599992
30,94.32000000000001,0.18528791276868434
31,94.58,0.1772849054741673
32,94.03,0.20220702045485378
33,94.14,0.18630379650816323
34,94.86,0.1760747156748548
35,94.28,0.1781876885810867
36,94.82000000000001,0.17000528929922729
37,94.48,0.17615133794518187
38,94.67999999999999,0.16692986014643685
39,94.6,0.16731437218897044
0,61.94,1.1383631840705872
1,69.61,0.8714922485828399
2,77.36,0.661010677576065
3,80.83,0.5597645171403884
4,78.25,0.655236637377739
5,79.77,0.6129457136303187
6,82.77,0.5267866883814335
7,84.41,0.4656149966239929
8,88.56,0.3470417240381241
9,89.41,0.32348125346302986
10,90.32,0.30144429730921984
11,89.28,0.33654158490747216
12,89.85,0.31192669526934624
13,91.44,0.279336979213357
14,90.69,0.29188523619920015
15,91.53999999999999,0.2728888753578067
16,91.4,0.2651729446403682
17,91.75999999999999,0.2602970442891121
18,92.54,0.23325812843441962
19,91.73,0.2636528265707195
20,91.7,0.25391081977784635
21,93.12,0.22272242515161633
22,92.64,0.2257300034854561
23,92.99,0.22055772030241788
24,92.75,0.22483880277723073
25,93.7,0.2058963071912527
26,93.43,0.21380732806175948
27,93.61,0.1996283036392182
28,93.56,0.20094260060749947
29,93.85,0.20121008942089974
30,93.47,0.20237357531785966
31,94.28999999999999,0.18786062419693916
32,93.91000000000001,0.19180479033961892
33,93.94,0.18941086906716229
34,94.33,0.18081342166177927
35,94.46,0.17858887938093393
36,94.03,0.19549926090398803
37,94.41000000000001,0.17277351124016568
38,94.41000000000001,0.18575612666849048
39,94.41000000000001,0.17926170739121736
0,56.830000000000005,1.2277366176605224
1,70.85000000000001,0.8516792197704315
2,74.45,0.7372812640666961
3,81.28999999999999,0.5555735055208206
4,81.07,0.5465959167420864
5,83.14,0.5105714465200901
6,84.47,0.47599825655817984
7,86.1,0.4120317830622196
8,86.5,0.40612355263233185
9,89.37,0.33661442039012907
10,88.13,0.36131071897894146
11,89.38000000000001,0.3228633386105299
12,91.03999999999999,0.28450423025637867
13,91.21000000000001,0.2705878429919481
14,91.12,0.2663347219180316
15,91.63,0.26056796510741115
16,92.12,0.25271364370286464
17,92.22,0.24352158355116843
18,92.39,0.2391424316726625
19,92.46,0.24750259148329495
20,92.86999999999999,0.2212773356691003
21,92.95,0.22808502524644136
22,93.51,0.20676771197188645
23,92.47999999999999,0.23123185877799987
24,93.37,0.2040999131962657
25,93.77,0.19818425194993616
26,93.74,0.20226932679116727
27,93.33,0.20355163551308214
28,93.14,0.2097711866972968
29,93.5,0.20684950803052635
30,94.04,0.1949107216194272
31,94.01,0.1889423366026953
32,94.44,0.17042151288744062
33,93.63,0.2076504023682326
34,93.88,0.19894746800810098
35,94.17,0.18731319607309996
36,94.02000000000001,0.19138811645861714
37,94.55,0.17268682432333007
38,94.54,0.16895897486610337
39,94.86,0.16386505555193873
0,55.76,1.2853682927131653
1,66.19,0.9866191526174545
2,77.57,0.6452321322441101
3,80.75,0.573259906077385
4,82.41000000000001,0.5273301847457885
5,82.74000000000001,0.518936349350214
6,86.52,0.40357693905830383
7,87.33,0.38067828723192215
8,87.59,0.38467444614768026
9,88.67,0.3391304528132081
10,90.62,0.2992044755086303
11,90.94,0.28079208875522016
12,90.22,0.3063073952689767
13,91.36,0.2631617980711162
14,91.97999999999999,0.2552980284392834
15,91.3,0.26569303418397905
16,92.25,0.24103317665234208
17,92.55,0.22602444616351278
18,93.43,0.20380058368071913
19,92.4,0.2439048341676593
20,93.05,0.21022021961286663
21,93.54,0.20124287962019444
22,93.51,0.19960509171150626
23,93.62,0.20328380549326538
24,93.19,0.21920015673786403
25,93.61,0.20770812558028848
26,94.03,0.18552934333905577
27,94.04,0.1825906215342693
28,94.32000000000001,0.18525727487346158
29,93.13,0.21569626813307405
30,94.21000000000001,0.1851667891861871
31,94.63000000000001,0.1730142879317049
32,94.47,0.18097977042496205
33,94.69,0.17135605340832843
34,94.14,0.1803036577893421
35,94.8,0.17144030511882155
36,94.33,0.17199277173075825
37,94.55,0.17613904897333124
38,94.73,0.16690178610756992
39,93.99,0.19072155822571368
0,57.13,1.2485813732147217
1,73.11999999999999,0.7892685643911361
2,72.86,0.770201412987709
3,81.28999999999999,0.5727134462237358
4,80.46,0.5492154913306236
5,85.19,0.4270358848333359
6,83.14,0.4966834506034851
7,83.76,0.48563440799713137
8,87.94999999999999,0.36551957763135434
9,88.58,0.3487533828049898
10,90.08,0.3070808142930269
11,89.58,0.3303824514910579
12,89.92,0.30379751941785216
13,90.41,0.3166213344812393
14,91.38,0.2598241166876629
15,91.36999999999999,0.2672203642057255
16,91.36999999999999,0.27001449950225653
17,92.85,0.22141758150495588
18,92.2,0.24939325554519892
19,92.86,0.22902103268336504
20,92.82000000000001,0.21665275888368488
21,93.78,0.19985275767035782
22,92.97999999999999,0.2187625387918204
23,92.89,0.22898988568112255
24,93.49,0.20387151068057865
25,93.57,0.2062441570105031
26,94.17999999999999,0.18309339956119658
27,94.03,0.18491567427050323
28,93.78,0.19016060541123153
29,93.89999999999999,0.19110770124094562
30,94.25,0.1802582459077239
31,94.75,0.17352322729136796
32,94.53,0.18361618505287916
33,94.78999999999999,0.16772304913867264
34,94.25,0.17906813681833447
35,95.15,0.16220103430626914
36,94.82000000000001,0.1665205096911639
37,94.81,0.17751147958505897
38,95.11,0.1588835211845115
39,95.14,0.15415813077222557
